11
71
66
88
88
28
88
66
66
88
62
55
58
96
24
61
68
65
57
55
11
64
99
15
87
22
45
66
33
66
18
96
66
99
96
15
66
65
44
36
97
52
67
22
54
77
88
68
23
58
28
91
33
32
99
77
99
94
28
26
49
44
66
22
51
77
33
46
28
88
59
22
81
33
55
47
24
33
93
99
79
14
66
11
55
44
77
53
45
77
61
66
95
98
66
62
98
36
59
43
67
86
53
14
66
66
44
66
11
34
14
64
77
55
51
14
81
87
72
11
88
99
55
33
77
44
17
21
26
26
69
27
73
54
81
65
83
86
27
15
63
99
51
11
65
96
44
12
93
82
94
66
38
55
47
83
44
94
77
58
88
66
97
69
92
38
99
87
88
86
35
55
33
14
11
38
88
15
63
73
33
29
33
66
15
95
77
97
77
28
33
68
97
22
67
88
22
39
11
88
11
86
76
88
79
99
75
33
44
12
11
33
77
42
27
61
33
38
77
55
69
84
46
75
66
72
66
55
62
88
95
22
49
19
44
55
44
56
33
39
95
55
73
95
11
29
88
43
87
84
77
89
69
82
97
81
33
22
53
55
55
31
14
77
25
18
42
51
53
71
99
32
81
43
33
88
22
88
77
22
65
29
23
26
37
26
27
37
57
79
38
66
99
73
88
28
37
46
58
53
13
26
88
32
99
74
25
57
98
11
64
84
45
67
88
99
11
12
12
53
44
72
11
16
45
46
63
88
11
56
44
43
86
22
21
53
32
35
99
57
77
38
33
55
78
55
77
55
65
55
31
11
48
99
44
18
11
51
37
78
69
99
28
39
77
26
48
13
88
22
45
57
51
53
98
61
88
88
39
31
24
15
51
12
58
26
55
74
43
11
45
77
44
12
88
52
22
34
33
66
15
22
25
55
78
88
36
96
58
73
31
15
34
96
88
41
54
66
33
99
95
77
39
95
11
22
15
77
88
37
22
31
49
44
34
28
22
22
99
51
99
11
43
31
44
99
96
21
88
13
77
66
22
32
69
88
66
62
64
68
52
99
82
98
51
77
15
22
32
56
13
33
33
77
66
77
25
11
99
65
24
33
26
62
88
37
33
13
67
74
24
71
22
77
55
62
78
12
55
55
44
88
88
37
33
22
13
87
11
44
13
99
55
57
35
66
64
16
44
99
96
85
19
29
22
26
77
35
71
84
33
22
22
12
88
95
79
33
62
55
77
55
94
44
79
96
88
82
92
22
55
55
85
45
39
37
13
22
61
13
54
99
11
69
74
66
33
23
25
66
96
99
14
11
44
88
33
55
27
66
94
99
11
25
11
11
73
88
97
11
44
55
55
43
99
86
21
21
55
53
78
92
91
17
98
91
13
74
22
56
36
74
68
77
18
66
35
42
96
93
88
11
42
83
66
16
34
44
65
27
57
32
66
58
13
74
66
55
66
22
55
36
73
44
17
99
76
77
76
15
66
13
99
52
85
17
33
72
18
12
86
22
22
21
43
77
71
17
59
94
77
11
51
99
52
67
47
66
66
44
15
33
73
14
11
33
61
53
99
83
66
54
99
66
33
14
22
24
22
76
76
89
99
35
55
36
22
29
84
77
68
89
43
33
66
99
44
87
62
55
29
53
19
22
55
88
57
55
77
66
37
17
33
33
22
67
96
49
37
48
95
22
22
83
81
88
35
88
65
99
58
99
37
36
77
15
53
64
92
11
21
33
33
22
68
99
55
57
44
77
92
61
16
35
94
22
43
22
84
99
33
99
44
75
29
66
59
59
77
12
11
88
44
58
59
96
48
75
47
53
66
63
76
45
11
65
99
48
74
83
43
88
99
93
66
63
88
99
66
68
66
35
31
74
86
51
44
44
26
66
16
28
21
54
89
54
44
57
78
77
44
55
66
59
61
82
65
88
49
36
78
57
88
71
91
76
12
11
66
44
38
24
13
99
47
33
64
87
55
17
99
68
88
24
65
99
73
33
59
79
46
41
33
88
49
22
12
91
77
21
84
35
84
71
32
74
74
96
33
49
71
95
98
44
22
45
92
75
22
49
33
11
65
88
44
11
55
11
22
58
28
99
71
34
53
33
86
47
33
12
35
72
64
22
84
19
66
11
37
24
56
44
88
22
22
66
19
99
99
22
67
56
65
22
88
66
66
88
14
86
14
74
83
66
99
55
66
72
11
32
91
24
44
55
88
98
44
22
83
74
96
13
89
83
16
51
45
99
44
77
21
36
11
35
33
38
44
23
56
13
